
1290240 bytes read in 90 ms (13.7 MiB/s)
## Starting application at 0x00200000 ...
BENCH_ARRAY_INDEX 0
budget_function,total_used_budget_r,total_used_budget_w,used_budget_per_period_read[0],used_budget_per_period_read[1],used_budget_per_period_read[2],used_budget_per_period_read[3],used_budget_per_period_read[4],used_budget_per_period_read[5],used_budget_per_period_read[6],used_budget_per_period_read[7],used_budget_per_period_read[8],used_budget_per_period_read[9],used_budget_per_period_write[0],used_budget_per_period_write[1],used_budget_per_period_write[2],used_budget_per_period_write[3],used_budget_per_period_write[4],used_budget_per_period_write[5],used_budget_per_period_write[6],used_budget_per_period_write[7],used_budget_per_period_write[8],used_budget_per_period_write[9],total_used_budget_rw_per_index[0],total_used_budget_rw_per_index[1],total_used_budget_rw_per_index[2],total_used_budget_rw_per_index[3],total_used_budget_rw_per_index[4],total_used_budget_rw_per_index[5],total_used_budget_rw_per_index[6],total_used_budget_rw_per_index[7],total_used_budget_rw_per_index[8],total_used_budget_rw_per_index[9],
EWMA,697204,695969,249004,49800,49800,49800,49800,49800,49800,49800,49800,49800,248561,49712,49712,49712,49712,49712,49712,49712,49712,49712,497565,99512,99512,99512,99512,99512,99512,99512,99512,99512,
SW,498000,497120,49800,49800,49800,49800,49800,49800,49800,49800,49800,49800,49712,49712,49712,49712,49712,49712,49712,49712,49712,49712,99512,99512,99512,99512,99512,99512,99512,99512,99512,99512,
AMBP,140160,548489325,49800,10040,10040,10040,10040,10040,10040,10040,10040,10040,49712,10022,1002200,208457,20845700,4335905,4093770,2883095,426326450,88734014,99512,20062,1012240,218497,20855740,4345945,4103810,2893135,426336490,88744054,
AFC,28112,793707057,10040,2008,2008,2008,2008,2008,2008,2008,2008,2008,283466808,56693361,56693361,56693361,56693361,56693361,56693361,56693361,56693361,56693361,283476848,56695369,56695369,56695369,56695369,56695369,56695369,56695369,56695369,56695369,
LR,20080,566933610,2008,2008,2008,2008,2008,2008,2008,2008,2008,2008,56693361,56693361,56693361,56693361,56693361,56693361,56693361,56693361,56693361,56693361,56695369,56695369,56695369,56695369,56695369,56695369,56695369,56695369,56695369,56695369,
PIC,3865449061,3258851592,2008,429494117,429494117,429494117,429494117,429494117,429494117,429494117,429494117,429494117,56693361,355795359,355795359,355795359,355795359,355795359,355795359,355795359,355795359,355795359,56695369,785289476,785289476,785289476,785289476,785289476,785289476,785289476,785289476,785289476,
