
1290240 bytes read in 90 ms (13.7 MiB/s)
## Starting application at 0x00200000 ...
BENCH_ARRAY_INDEX 0
budget_function,total_used_budget_r,total_used_budget_w,used_budget_per_period_read[0],used_budget_per_period_read[1],used_budget_per_period_read[2],used_budget_per_period_read[3],used_budget_per_period_read[4],used_budget_per_period_read[5],used_budget_per_period_read[6],used_budget_per_period_read[7],used_budget_per_period_read[8],used_budget_per_period_read[9],used_budget_per_period_write[0],used_budget_per_period_write[1],used_budget_per_period_write[2],used_budget_per_period_write[3],used_budget_per_period_write[4],used_budget_per_period_write[5],used_budget_per_period_write[6],used_budget_per_period_write[7],used_budget_per_period_write[8],used_budget_per_period_write[9],total_used_budget_rw_per_index[0],total_used_budget_rw_per_index[1],total_used_budget_rw_per_index[2],total_used_budget_rw_per_index[3],total_used_budget_rw_per_index[4],total_used_budget_rw_per_index[5],total_used_budget_rw_per_index[6],total_used_budget_rw_per_index[7],total_used_budget_rw_per_index[8],total_used_budget_rw_per_index[9],
EWMA,697176,695913,248994,49798,49798,49798,49798,49798,49798,49798,49798,49798,248541,49708,49708,49708,49708,49708,49708,49708,49708,49708,497535,99506,99506,99506,99506,99506,99506,99506,99506,99506,
SW,497980,497080,49798,49798,49798,49798,49798,49798,49798,49798,49798,49798,49708,49708,49708,49708,49708,49708,49708,49708,49708,49708,99506,99506,99506,99506,99506,99506,99506,99506,99506,99506,
AMBP,140149,546572689,49798,10039,10039,10039,10039,10039,10039,10039,10039,10039,49708,10021,1002100,208436,20843600,4335468,4050070,2623080,424984860,88465346,99506,20060,1012139,218475,20853639,4345507,4060109,2633119,424994899,88475385,
AFC,28102,718480017,10039,2007,2007,2007,2007,2007,2007,2007,2007,2007,256600008,51320001,51320001,51320001,51320001,51320001,51320001,51320001,51320001,51320001,256610047,51322008,51322008,51322008,51322008,51322008,51322008,51322008,51322008,51322008,
LR,20070,513200010,2007,2007,2007,2007,2007,2007,2007,2007,2007,2007,51320001,51320001,51320001,51320001,51320001,51320001,51320001,51320001,51320001,51320001,51322008,51322008,51322008,51322008,51322008,51322008,51322008,51322008,51322008,51322008,
PIC,3865449078,3316346544,2007,429494119,429494119,429494119,429494119,429494119,429494119,429494119,429494119,429494119,51320001,362780727,362780727,362780727,362780727,362780727,362780727,362780727,362780727,362780727,51322008,792274846,792274846,792274846,792274846,792274846,792274846,792274846,792274846,792274846,
